<Comprimento de Onda>	<Intensidade>
351.18	-0.301
351.40	-0.301
351.62	-0.301
351.83	-0.000
352.05	0.456
352.27	-1.079
352.49	-0.249
352.70	0.014
352.92	-0.000
353.14	-1.041
353.36	0.699
353.57	-0.000
353.79	-1.415
354.01	-0.000
354.23	-0.000
354.44	-0.000
354.66	-0.940
354.88	-0.000
355.09	0.090
355.31	0.136
355.53	0.639
355.75	0.294
355.96	0.362
356.18	0.573
356.40	0.537
356.61	0.549
356.83	0.548
357.05	0.489
357.27	0.608
357.48	0.345
357.70	0.517
357.92	0.197
358.13	0.327
358.35	0.374
358.57	0.264
358.78	0.570
359.00	0.180
359.22	0.236
359.44	0.358
359.65	0.419
359.87	0.221
360.09	0.379
360.30	0.495
360.52	0.290
360.74	0.280
360.95	0.278
361.17	0.444
361.39	0.266
361.60	0.430
361.82	0.283
362.04	0.301
362.25	0.161
362.47	0.442
362.69	0.406
362.91	0.202
363.12	0.486
363.34	0.153
363.56	0.152
363.77	0.352
363.99	0.348
364.21	0.463
364.42	0.299
364.64	0.211
364.86	0.460
365.07	0.316
365.29	0.251
365.51	0.208
365.72	0.388
365.94	0.236
366.16	0.253
366.37	0.479
366.59	0.254
366.81	0.256
367.02	0.361
367.24	0.205
367.45	0.284
367.67	0.417
367.89	0.607
368.10	0.323
368.32	0.320
368.54	0.313
368.75	0.312
368.97	0.370
369.19	0.315
369.40	0.256
369.62	0.257
369.84	0.342
370.05	0.552
370.27	0.298
370.48	0.250
370.70	0.213
370.92	0.244
371.13	0.457
371.35	0.420
371.57	0.209
371.78	0.334
372.00	0.197
372.22	0.295
372.43	0.244
372.65	0.294
372.86	0.208
373.08	0.186
373.30	0.429
373.51	0.392
373.73	0.303
373.94	0.323
374.16	0.271
374.38	0.247
374.59	0.345
374.81	0.336
375.03	0.296
375.24	0.197
375.46	0.289
375.67	0.218
375.89	0.224
376.11	0.246
376.32	0.388
376.54	0.396
376.75	0.290
376.97	0.197
377.19	0.300
377.40	0.197
377.62	0.372
377.83	0.216
378.05	0.266
378.27	0.215
378.48	0.333
378.70	0.280
378.91	0.180
379.13	0.316
379.35	0.287
379.56	0.414
379.78	0.236
379.99	0.299
380.21	0.212
380.42	0.293
380.64	0.338
380.86	0.268
381.07	0.307
381.29	0.349
381.50	0.314
381.72	0.206
381.93	0.278
382.15	0.236
382.37	0.295
382.58	0.189
382.80	0.268
383.01	0.307
383.23	0.378
383.44	0.265
383.66	0.301
383.88	0.238
384.09	0.284
384.31	0.309
384.52	0.271
384.74	0.224
384.95	0.238
385.17	0.178
385.38	0.264
385.60	0.298
385.82	0.249
386.03	0.341
386.25	0.230
386.46	0.342
386.68	0.248
386.89	0.265
387.11	0.275
387.32	0.308
387.54	0.358
387.75	0.280
387.97	0.273
388.19	0.347
388.40	0.291
388.62	0.306
388.83	0.345
389.05	0.353
389.26	0.376
389.48	0.318
389.69	0.305
389.91	0.348
390.12	0.316
390.34	0.231
390.55	0.309
390.77	0.307
390.98	0.349
391.20	0.368
391.41	0.263
391.63	0.396
391.84	0.330
392.06	0.397
392.28	0.275
392.49	0.355
392.71	0.292
392.92	0.299
393.14	0.276
393.35	0.338
393.57	0.351
393.78	0.296
394.00	0.325
394.21	0.325
394.43	0.386
394.64	0.316
394.86	0.341
395.07	0.361
395.29	0.321
395.50	0.321
395.72	0.315
395.93	0.307
396.15	0.351
396.36	0.465
396.58	0.353
396.79	0.266
397.01	0.346
397.22	0.378
397.44	0.378
397.65	0.327
397.86	0.380
398.08	0.348
398.29	0.298
398.51	0.357
398.72	0.337
398.94	0.316
399.15	0.297
399.37	0.315
399.58	0.344
399.80	0.364
400.01	0.392
400.23	0.285
400.44	0.298
400.66	0.429
400.87	0.367
401.09	0.304
401.30	0.330
401.52	0.320
401.73	0.371
401.94	0.388
402.16	0.402
402.37	0.298
402.59	0.357
402.80	0.326
403.02	0.306
403.23	0.436
403.45	0.318
403.66	0.382
403.88	0.315
404.09	0.372
404.30	0.384
404.52	0.400
404.73	0.348
404.95	0.397
405.16	0.423
405.38	0.347
405.59	0.407
405.80	0.345
406.02	0.400
406.23	0.377
406.45	0.395
406.66	0.376
406.88	0.410
407.09	0.385
407.31	0.369
407.52	0.320
407.73	0.413
407.95	0.342
408.16	0.358
408.38	0.354
408.59	0.352
408.80	0.404
409.02	0.378
409.23	0.385
409.45	0.373
409.66	0.372
409.88	0.409
410.09	0.355
410.30	0.410
410.52	0.405
410.73	0.446
410.95	0.410
411.16	0.379
411.37	0.430
411.59	0.426
411.80	0.342
412.02	0.437
412.23	0.426
412.44	0.418
412.66	0.441
412.87	0.406
413.09	0.437
413.30	0.442
413.51	0.373
413.73	0.422
413.94	0.469
414.16	0.402
414.37	0.372
414.58	0.420
414.80	0.428
415.01	0.383
415.23	0.427
415.44	0.415
415.65	0.537
415.87	0.415
416.08	0.379
416.29	0.402
416.51	0.383
416.72	0.490
416.94	0.409
417.15	0.394
417.36	0.415
417.58	0.447
417.79	0.430
418.00	0.435
418.22	0.387
418.43	0.440
418.65	0.450
418.86	0.472
419.07	0.500
419.29	0.430
419.50	0.490
419.71	0.475
419.93	0.446
420.14	0.443
420.35	0.399
420.57	0.396
420.78	0.458
420.99	0.428
421.21	0.495
421.42	0.440
421.63	0.453
421.85	0.467
422.06	0.408
422.28	0.470
422.49	0.444
422.70	0.408
422.92	0.467
423.13	0.455
423.34	0.497
423.56	0.455
423.77	0.481
423.98	0.525
424.20	0.471
424.41	0.455
424.62	0.494
424.84	0.526
425.05	0.407
425.26	0.479
425.48	0.543
425.69	0.456
425.90	0.483
426.11	0.443
426.33	0.540
426.54	0.488
426.75	0.484
426.97	0.469
427.18	0.498
427.39	0.451
427.61	0.508
427.82	0.471
428.03	0.481
428.25	0.494
428.46	0.485
428.67	0.489
428.89	0.497
429.10	0.461
429.31	0.482
429.52	0.504
429.74	0.525
429.95	0.533
430.16	0.471
430.38	0.518
430.59	0.459
430.80	0.544
431.02	0.524
431.23	0.481
431.44	0.471
431.65	0.473
431.87	0.551
432.08	0.485
432.29	0.509
432.51	0.496
432.72	0.504
432.93	0.524
433.14	0.509
433.36	0.514
433.57	0.565
433.78	0.509
433.99	0.552
434.21	0.502
434.42	0.492
434.63	0.472
434.85	0.551
435.06	0.530
435.27	0.521
435.48	0.537
435.70	0.476
435.91	0.498
436.12	0.473
436.33	0.525
436.55	0.567
436.76	0.514
436.97	0.518
437.18	0.548
437.40	0.525
437.61	0.528
437.82	0.522
438.03	0.507
438.25	0.516
438.46	0.506
438.67	0.518
438.88	0.515
439.10	0.524
439.31	0.537
439.52	0.526
439.73	0.536
439.95	0.502
440.16	0.544
440.37	0.550
440.58	0.544
440.80	0.523
441.01	0.543
441.22	0.524
441.43	0.505
441.65	0.544
441.86	0.522
442.07	0.516
442.28	0.590
442.49	0.557
442.71	0.546
442.92	0.530
443.13	0.516
443.34	0.555
443.56	0.534
443.77	0.543
443.98	0.535
444.19	0.521
444.40	0.526
444.62	0.515
444.83	0.527
445.04	0.531
445.25	0.547
445.46	0.579
445.68	0.504
445.89	0.530
446.10	0.568
446.31	0.572
446.52	0.526
446.74	0.531
446.95	0.525
447.16	0.523
447.37	0.561
447.58	0.545
447.80	0.515
448.01	0.525
448.22	0.546
448.43	0.523
448.64	0.524
448.86	0.547
449.07	0.529
449.28	0.591
449.49	0.504
449.70	0.524
449.92	0.530
450.13	0.537
450.34	0.539
450.55	0.518
450.76	0.580
450.97	0.517
451.19	0.504
451.40	0.556
451.61	0.527
451.82	0.523
452.03	0.540
452.24	0.540
452.46	0.535
452.67	0.513
452.88	0.513
453.09	0.514
453.30	0.510
453.51	0.542
453.73	0.504
453.94	0.529
454.15	0.528
454.36	0.568
454.57	0.563
454.78	0.524
454.99	0.531
455.21	0.545
455.42	0.546
455.63	0.522
455.84	0.549
456.05	0.562
456.26	0.559
456.48	0.540
456.69	0.529
456.90	0.526
457.11	0.541
457.32	0.546
457.53	0.554
457.74	0.557
457.95	0.531
458.17	0.537
458.38	0.565
458.59	0.550
458.80	0.534
459.01	0.564
459.22	0.539
459.43	0.549
459.64	0.566
459.86	0.542
460.07	0.550
460.28	0.513
460.49	0.559
460.70	0.516
460.91	0.546
461.12	0.550
461.33	0.542
461.55	0.522
461.76	0.529
461.97	0.549
462.18	0.540
462.39	0.510
462.60	0.539
462.81	0.502
463.02	0.542
463.23	0.526
463.44	0.551
463.66	0.507
463.87	0.532
464.08	0.521
464.29	0.552
464.50	0.530
464.71	0.516
464.92	0.539
465.13	0.541
465.34	0.535
465.55	0.547
465.76	0.553
465.98	0.535
466.19	0.535
466.40	0.537
466.61	0.527
466.82	0.521
467.03	0.538
467.24	0.522
467.45	0.527
467.66	0.525
467.87	0.536
468.08	0.528
468.29	0.505
468.50	0.529
468.72	0.528
468.93	0.530
469.14	0.510
469.35	0.516
469.56	0.523
469.77	0.524
469.98	0.515
470.19	0.516
470.40	0.533
470.61	0.518
470.82	0.526
471.03	0.525
471.24	0.530
471.45	0.529
471.66	0.510
471.87	0.527
472.08	0.522
472.29	0.527
472.51	0.521
472.72	0.506
472.93	0.499
473.14	0.510
473.35	0.502
473.56	0.507
473.77	0.524
473.98	0.509
474.19	0.499
474.40	0.510
474.61	0.512
474.82	0.505
475.03	0.500
475.24	0.502
475.45	0.506
475.66	0.519
475.87	0.485
476.08	0.507
476.29	0.509
476.50	0.520
476.71	0.502
476.92	0.508
477.13	0.502
477.34	0.508
477.55	0.515
477.76	0.503
477.97	0.496
478.18	0.509
478.39	0.510
478.60	0.509
478.81	0.503
479.02	0.495
479.23	0.509
479.44	0.505
479.65	0.511
479.86	0.506
480.07	0.495
480.28	0.499
480.49	0.487
480.70	0.501
480.91	0.490
481.12	0.491
481.33	0.487
481.54	0.499
481.75	0.498
481.96	0.500
482.17	0.494
482.38	0.509
482.59	0.507
482.80	0.493
483.01	0.493
483.22	0.494
483.43	0.496
483.64	0.477
483.85	0.485
484.06	0.495
484.27	0.492
484.48	0.484
484.69	0.493
484.90	0.507
485.11	0.484
485.32	0.483
485.53	0.497
485.74	0.481
485.95	0.493
486.16	0.491
486.37	0.494
486.58	0.478
486.78	0.486
486.99	0.486
487.20	0.490
487.41	0.481
487.62	0.490
487.83	0.493
488.04	0.506
488.25	0.487
488.46	0.479
488.67	0.488
488.88	0.478
489.09	0.484
489.30	0.480
489.51	0.478
489.72	0.490
489.93	0.476
490.14	0.475
490.35	0.485
490.55	0.483
490.76	0.480
490.97	0.493
491.18	0.476
491.39	0.487
491.60	0.489
491.81	0.494
492.02	0.484
492.23	0.481
492.44	0.481
492.65	0.487
492.86	0.485
493.07	0.490
493.27	0.485
493.48	0.486
493.69	0.487
493.90	0.482
494.11	0.489
494.32	0.488
494.53	0.483
494.74	0.490
494.95	0.484
495.16	0.475
495.37	0.485
495.57	0.489
495.78	0.490
495.99	0.481
496.20	0.485
496.41	0.486
496.62	0.478
496.83	0.480
497.04	0.480
497.25	0.485
497.46	0.489
497.66	0.492
497.87	0.487
498.08	0.494
498.29	0.484
498.50	0.490
498.71	0.490
498.92	0.483
499.13	0.494
499.33	0.490
499.54	0.498
499.75	0.482
499.96	0.496
500.17	0.484
500.38	0.493
500.59	0.494
500.80	0.489
501.00	0.491
501.21	0.496
501.42	0.493
501.63	0.494
501.84	0.490
502.05	0.495
502.26	0.501
502.47	0.495
502.67	0.505
502.88	0.501
503.09	0.497
503.30	0.499
503.51	0.505
503.72	0.504
503.92	0.503
504.13	0.501
504.34	0.506
504.55	0.501
504.76	0.506
504.97	0.494
505.18	0.507
505.38	0.503
505.59	0.504
505.80	0.514
506.01	0.505
506.22	0.508
506.43	0.513
506.63	0.511
506.84	0.500
507.05	0.513
507.26	0.512
507.47	0.505
507.68	0.514
507.88	0.511
508.09	0.509
508.30	0.512
508.51	0.496
508.72	0.509
508.92	0.513
509.13	0.519
509.34	0.519
509.55	0.522
509.76	0.526
509.97	0.518
510.17	0.521
510.38	0.517
510.59	0.527
510.80	0.520
511.01	0.524
511.21	0.520
511.42	0.528
511.63	0.522
511.84	0.522
512.05	0.524
512.25	0.536
512.46	0.526
512.67	0.528
512.88	0.537
513.09	0.538
513.29	0.539
513.50	0.539
513.71	0.540
513.92	0.545
514.12	0.533
514.33	0.531
514.54	0.529
514.75	0.535
514.96	0.533
515.16	0.538
515.37	0.537
515.58	0.538
515.79	0.531
515.99	0.541
516.20	0.537
516.41	0.544
516.62	0.547
516.83	0.542
517.03	0.543
517.24	0.546
517.45	0.551
517.66	0.549
517.86	0.565
518.07	0.551
518.28	0.544
518.49	0.554
518.69	0.555
518.90	0.553
519.11	0.547
519.32	0.571
519.52	0.561
519.73	0.557
519.94	0.554
520.15	0.556
520.35	0.555
520.56	0.560
520.77	0.556
520.98	0.563
521.18	0.562
521.39	0.558
521.60	0.565
521.81	0.564
522.01	0.575
522.22	0.564
522.43	0.561
522.63	0.574
522.84	0.567
523.05	0.563
523.26	0.577
523.46	0.580
523.67	0.570
523.88	0.571
524.09	0.585
524.29	0.575
524.50	0.575
524.71	0.584
524.91	0.563
525.12	0.579
525.33	0.573
525.54	0.581
525.74	0.579
525.95	0.585
526.16	0.592
526.36	0.590
526.57	0.577
526.78	0.583
526.98	0.591
527.19	0.583
527.40	0.589
527.61	0.589
527.81	0.592
528.02	0.583
528.23	0.598
528.43	0.592
528.64	0.587
528.85	0.588
529.05	0.598
529.26	0.598
529.47	0.602
529.67	0.603
529.88	0.593
530.09	0.596
530.30	0.603
530.50	0.604
530.71	0.604
530.92	0.608
531.12	0.599
531.33	0.614
531.54	0.607
531.74	0.602
531.95	0.612
532.16	0.595
532.36	0.605
532.57	0.606
532.78	0.610
532.98	0.616
533.19	0.606
533.40	0.610
533.60	0.616
533.81	0.615
534.02	0.623
534.22	0.615
534.43	0.610
534.64	0.616
534.84	0.618
535.05	0.623
535.25	0.627
535.46	0.610
535.67	0.627
535.87	0.612
536.08	0.636
536.29	0.627
536.49	0.628
536.70	0.623
536.91	0.643
537.11	0.618
537.32	0.630
537.52	0.624
537.73	0.617
537.94	0.624
538.14	0.636
538.35	0.628
538.56	0.636
538.76	0.635
538.97	0.622
539.18	0.641
539.38	0.645
539.59	0.629
539.79	0.638
540.00	0.632
540.21	0.639
540.41	0.649
540.62	0.645
540.82	0.639
541.03	0.648
541.24	0.639
541.44	0.641
541.65	0.647
541.85	0.649
542.06	0.651
542.27	0.649
542.47	0.648
542.68	0.638
542.88	0.653
543.09	0.663
543.30	0.650
543.50	0.641
543.71	0.643
543.91	0.649
544.12	0.649
544.33	0.654
544.53	0.651
544.74	0.656
544.94	0.645
545.15	0.657
545.36	0.658
545.56	0.659
545.77	0.657
545.97	0.657
546.18	0.656
546.38	0.656
546.59	0.665
546.80	0.668
547.00	0.658
547.21	0.669
547.41	0.659
547.62	0.651
547.82	0.653
548.03	0.679
548.24	0.656
548.44	0.672
548.65	0.667
548.85	0.669
549.06	0.661
549.26	0.675
549.47	0.657
549.67	0.667
549.88	0.675
550.09	0.681
550.29	0.664
550.50	0.676
550.70	0.672
550.91	0.686
551.11	0.670
551.32	0.673
551.52	0.672
551.73	0.682
551.93	0.676
552.14	0.680
552.35	0.676
552.55	0.678
552.76	0.679
552.96	0.684
553.17	0.680
553.37	0.679
553.58	0.679
553.78	0.686
553.99	0.679
554.19	0.683
554.40	0.679
554.60	0.688
554.81	0.683
555.01	0.676
555.22	0.676
555.42	0.696
555.63	0.689
555.83	0.684
556.04	0.678
556.24	0.683
556.45	0.695
556.65	0.681
556.86	0.682
557.06	0.697
557.27	0.685
557.47	0.684
557.68	0.685
557.88	0.695
558.09	0.689
558.29	0.691
558.50	0.682
558.70	0.691
558.91	0.688
559.11	0.693
559.32	0.694
559.52	0.690
559.73	0.685
559.93	0.696
560.14	0.688
560.34	0.696
560.55	0.694
560.75	0.707
560.96	0.690
561.16	0.702
561.37	0.686
561.57	0.699
561.78	0.685
561.98	0.698
562.19	0.691
562.39	0.693
562.60	0.695
562.80	0.700
563.00	0.687
563.21	0.702
563.41	0.688
563.62	0.707
563.82	0.688
564.03	0.691
564.23	0.696
564.44	0.700
564.64	0.702
564.85	0.699
565.05	0.693
565.26	0.697
565.46	0.700
565.66	0.699
565.87	0.698
566.07	0.689
566.28	0.690
566.48	0.699
566.69	0.691
566.89	0.700
567.09	0.698
567.30	0.709
567.50	0.696
567.71	0.711
567.91	0.692
568.12	0.711
568.32	0.690
568.53	0.706
568.73	0.693
568.93	0.707
569.14	0.697
569.34	0.700
569.55	0.696
569.75	0.709
569.95	0.701
570.16	0.705
570.36	0.710
570.57	0.714
570.77	0.702
570.98	0.699
571.18	0.702
571.38	0.707
571.59	0.698
571.79	0.715
572.00	0.700
572.20	0.705
572.40	0.705
572.61	0.706
572.81	0.704
573.02	0.702
573.22	0.697
573.42	0.713
573.63	0.705
573.83	0.713
574.04	0.704
574.24	0.705
574.44	0.699
574.65	0.696
574.85	0.699
575.05	0.714
575.26	0.699
575.46	0.711
575.67	0.690
575.87	0.697
576.07	0.701
576.28	0.700
576.48	0.700
576.68	0.711
576.89	0.695
577.09	0.694
577.30	0.695
577.50	0.709
577.70	0.693
577.91	0.731
578.11	0.711
578.31	0.698
578.52	0.717
578.72	0.704
578.92	0.697
579.13	0.702
579.33	0.701
579.54	0.710
579.74	0.697
579.94	0.707
580.15	0.710
580.35	0.702
580.55	0.707
580.76	0.697
580.96	0.698
581.16	0.703
581.37	0.697
581.57	0.702
581.77	0.700
581.98	0.707
582.18	0.705
582.38	0.711
582.59	0.701
582.79	0.719
582.99	0.707
583.20	0.715
583.40	0.700
583.60	0.703
583.81	0.691
584.01	0.715
584.21	0.695
584.42	0.710
584.62	0.702
584.82	0.708
585.03	0.700
585.23	0.697
585.43	0.697
585.63	0.718
585.84	0.700
586.04	0.703
586.24	0.707
586.45	0.706
586.65	0.704
586.85	0.693
587.06	0.701
587.26	0.700
587.46	0.697
587.66	0.698
587.87	0.703
588.07	0.709
588.27	0.699
588.48	0.709
588.68	0.691
588.88	0.703
589.09	0.692
589.29	0.708
589.49	0.699
589.69	0.695
589.90	0.702
590.10	0.695
590.30	0.699
590.50	0.704
590.71	0.689
590.91	0.702
591.11	0.700
591.32	0.704
591.52	0.686
591.72	0.704
591.92	0.697
592.13	0.693
592.33	0.685
592.53	0.702
592.73	0.692
592.94	0.707
593.14	0.688
593.34	0.690
593.54	0.690
593.75	0.698
593.95	0.701
594.15	0.699
594.35	0.689
594.56	0.695
594.76	0.682
594.96	0.698
595.16	0.677
595.37	0.693
595.57	0.690
595.77	0.689
595.97	0.687
596.18	0.688
596.38	0.691
596.58	0.699
596.78	0.682
596.99	0.692
597.19	0.692
597.39	0.689
597.59	0.678
597.80	0.693
598.00	0.692
598.20	0.685
598.40	0.681
598.60	0.692
598.81	0.688
599.01	0.689
599.21	0.688
599.41	0.686
599.61	0.689
599.82	0.689
600.02	0.679
600.22	0.685
600.42	0.681
600.63	0.681
600.83	0.682
601.03	0.684
601.23	0.681
601.43	0.687
601.64	0.672
601.84	0.700
602.04	0.677
602.24	0.687
602.44	0.684
602.65	0.685
602.85	0.676
603.05	0.697
603.25	0.689
603.45	0.682
603.65	0.673
603.86	0.683
604.06	0.681
604.26	0.685
604.46	0.680
604.66	0.677
604.87	0.684
605.07	0.669
605.27	0.676
605.47	0.685
605.67	0.671
605.87	0.680
606.08	0.662
606.28	0.665
606.48	0.667
606.68	0.667
606.88	0.671
607.08	0.681
607.29	0.668
607.49	0.659
607.69	0.673
607.89	0.683
608.09	0.670
608.29	0.671
608.49	0.674
608.70	0.672
608.90	0.670
609.10	0.667
609.30	0.659
609.50	0.666
609.70	0.671
609.91	0.679
610.11	0.670
610.31	0.674
610.51	0.677
610.71	0.670
610.91	0.679
611.11	0.664
611.31	0.669
611.52	0.667
611.72	0.661
611.92	0.668
612.12	0.661
612.32	0.675
612.52	0.664
612.72	0.658
612.92	0.667
613.13	0.666
613.33	0.671
613.53	0.663
613.73	0.654
613.93	0.669
614.13	0.650
614.33	0.663
614.53	0.656
614.73	0.673
614.94	0.658
615.14	0.664
615.34	0.658
615.54	0.657
615.74	0.657
615.94	0.655
616.14	0.662
616.34	0.654
616.54	0.649
616.74	0.657
616.95	0.649
617.15	0.653
617.35	0.647
617.55	0.658
617.75	0.647
617.95	0.660
618.15	0.646
618.35	0.660
618.55	0.651
618.75	0.649
618.95	0.640
619.15	0.653
619.36	0.632
619.56	0.652
619.76	0.650
619.96	0.645
620.16	0.638
620.36	0.643
620.56	0.642
620.76	0.646
620.96	0.641
621.16	0.645
621.36	0.642
621.56	0.641
621.76	0.627
621.96	0.654
622.16	0.621
622.37	0.632
622.57	0.631
622.77	0.635
622.97	0.629
623.17	0.629
623.37	0.632
623.57	0.640
623.77	0.631
623.97	0.635
624.17	0.631
624.37	0.626
624.57	0.619
624.77	0.633
624.97	0.640
625.17	0.635
625.37	0.623
625.57	0.637
625.77	0.621
625.97	0.634
626.17	0.626
626.37	0.630
626.57	0.625
626.77	0.625
626.97	0.622
627.17	0.626
627.37	0.624
627.57	0.620
627.77	0.610
627.97	0.618
628.17	0.626
628.37	0.609
628.57	0.616
628.77	0.617
628.97	0.605
629.17	0.613
629.37	0.618
629.57	0.611
629.77	0.619
629.97	0.611
630.17	0.601
630.37	0.610
630.57	0.610
630.77	0.611
630.97	0.613
631.17	0.616
631.37	0.601
631.57	0.609
631.77	0.595
631.97	0.604
632.17	0.597
632.37	0.609
632.57	0.595
632.77	0.597
632.97	0.606
633.17	0.593
633.37	0.601
633.57	0.607
633.77	0.590
633.97	0.602
634.17	0.597
634.37	0.608
634.57	0.607
634.77	0.612
634.97	0.593
635.17	0.586
635.37	0.595
635.57	0.593
635.77	0.598
635.97	0.594
636.17	0.599
636.37	0.598
636.57	0.589
636.77	0.598
636.96	0.585
637.16	0.599
637.36	0.581
637.56	0.587
637.76	0.593
637.96	0.577
638.16	0.588
638.36	0.576
638.56	0.580
638.76	0.574
638.96	0.579
639.16	0.577
639.36	0.579
639.56	0.591
639.76	0.588
639.96	0.571
640.15	0.576
640.35	0.577
640.55	0.587
640.75	0.577
640.95	0.577
641.15	0.574
641.35	0.575
641.55	0.579
641.75	0.573
641.95	0.568
642.15	0.566
642.35	0.568
642.54	0.567
642.74	0.568
642.94	0.563
643.14	0.559
643.34	0.561
643.54	0.561
643.74	0.554
643.94	0.558
644.14	0.567
644.34	0.566
644.53	0.562
644.73	0.561
644.93	0.561
645.13	0.564
645.33	0.549
645.53	0.562
645.73	0.560
645.93	0.562
646.13	0.564
646.32	0.554
646.52	0.552
646.72	0.548
646.92	0.557
647.12	0.563
647.32	0.554
647.52	0.538
647.72	0.561
647.91	0.548
648.11	0.550
648.31	0.545
648.51	0.538
648.71	0.544
648.91	0.550
649.11	0.543
649.30	0.550
649.50	0.542
649.70	0.542
649.90	0.549
650.10	0.534
650.30	0.545
650.50	0.540
650.69	0.548
650.89	0.536
651.09	0.531
651.29	0.538
651.49	0.544
651.69	0.533
651.88	0.537
652.08	0.548
652.28	0.536
652.48	0.533
652.68	0.534
652.88	0.532
653.07	0.532
653.27	0.532
653.47	0.533
653.67	0.535
653.87	0.532
654.07	0.522
654.26	0.528
654.46	0.531
654.66	0.516
654.86	0.535
655.06	0.526
655.25	0.519
655.45	0.525
655.65	0.523
655.85	0.519
656.05	0.527
656.25	0.528
656.44	0.522
656.64	0.522
656.84	0.525
657.04	0.521
657.24	0.522
657.43	0.524
657.63	0.512
657.83	0.512
658.03	0.510
658.23	0.519
658.42	0.517
658.62	0.517
658.82	0.520
659.02	0.518
659.21	0.509
659.41	0.504
659.61	0.503
659.81	0.513
660.01	0.506
660.20	0.514
660.40	0.506
660.60	0.503
660.80	0.495
660.99	0.502
661.19	0.508
661.39	0.509
661.59	0.510
661.79	0.501
661.98	0.501
662.18	0.503
662.38	0.505
662.58	0.490
662.77	0.504
662.97	0.497
663.17	0.495
663.37	0.492
663.56	0.491
663.76	0.496
663.96	0.506
664.16	0.494
664.35	0.495
664.55	0.496
664.75	0.501
664.95	0.483
665.14	0.484
665.34	0.492
665.54	0.487
665.74	0.481
665.93	0.485
666.13	0.490
666.33	0.489
666.52	0.484
666.72	0.481
666.92	0.471
667.12	0.492
667.31	0.489
667.51	0.492
667.71	0.461
667.90	0.499
668.10	0.478
668.30	0.485
668.50	0.481
668.69	0.479
668.89	0.470
669.09	0.476
669.28	0.470
669.48	0.478
669.68	0.473
669.88	0.464
670.07	0.469
670.27	0.472
670.47	0.467
670.66	0.467
670.86	0.461
671.06	0.478
671.26	0.477
671.45	0.474
671.65	0.466
671.85	0.455
672.04	0.465
672.24	0.469
672.44	0.457
672.63	0.469
672.83	0.458
673.03	0.457
673.22	0.453
673.42	0.464
673.62	0.453
673.81	0.465
674.01	0.456
674.21	0.453
674.40	0.456
674.60	0.455
674.80	0.454
674.99	0.459
675.19	0.453
675.39	0.451
675.58	0.445
675.78	0.456
675.98	0.449
676.17	0.450
676.37	0.447
676.57	0.450
676.76	0.444
676.96	0.446
677.16	0.445
677.35	0.443
677.55	0.436
677.75	0.443
677.94	0.435
678.14	0.443
678.34	0.432
678.53	0.448
678.73	0.433
678.92	0.448
679.12	0.439
679.32	0.441
679.51	0.432
679.71	0.437
679.91	0.435
680.10	0.433
680.30	0.429
680.49	0.436
680.69	0.434
680.89	0.433
681.08	0.430
681.28	0.423
681.48	0.427
681.67	0.429
681.87	0.424
682.06	0.432
682.26	0.417
682.46	0.423
682.65	0.433
682.85	0.423
683.04	0.425
683.24	0.426
683.44	0.418
683.63	0.423
683.83	0.408
684.02	0.425
684.22	0.419
684.42	0.421
684.61	0.413
684.81	0.424
685.00	0.426
685.20	0.417
685.40	0.411
685.59	0.417
685.79	0.417
685.98	0.421
686.18	0.411
686.37	0.420
686.57	0.401
686.77	0.411
686.96	0.405
687.16	0.412
687.35	0.411
687.55	0.419
687.75	0.401
687.94	0.421
688.14	0.407
688.33	0.403
688.53	0.400
688.72	0.408
688.92	0.410
689.11	0.410
689.31	0.413
689.51	0.413
689.70	0.398
689.90	0.406
690.09	0.396
690.29	0.405
690.48	0.386
690.68	0.408
690.87	0.396
691.07	0.397
691.26	0.388
691.46	0.395
691.66	0.389
691.85	0.406
692.05	0.398
692.24	0.399
692.44	0.392
692.63	0.402
692.83	0.399
693.02	0.403
693.22	0.393
693.41	0.393
693.61	0.384
693.80	0.390
694.00	0.371
694.19	0.394
694.39	0.372
694.58	0.408
694.78	0.393
694.98	0.389
695.17	0.385
695.37	0.388
695.56	0.390
695.76	0.391
695.95	0.376
696.15	0.389
696.34	0.376
696.54	0.390
696.73	0.375
696.93	0.392
697.12	0.380
697.32	0.379
697.51	0.376
697.71	0.380
697.90	0.373
698.10	0.377
698.29	0.373
698.48	0.379
698.68	0.376
698.87	0.377
699.07	0.364
699.26	0.373
699.46	0.367
699.65	0.383
699.85	0.369
700.04	0.378
700.24	0.367
700.43	0.383
700.63	0.358
700.82	0.378
701.02	0.361
701.21	0.364
701.41	0.361
701.60	0.367
701.80	0.359
701.99	0.359
702.18	0.355
702.38	0.370
702.57	0.356
702.77	0.360
702.96	0.351
703.16	0.362
703.35	0.347
703.55	0.360
703.74	0.357
703.93	0.355
704.13	0.346
704.32	0.357
704.52	0.351
704.71	0.350
704.91	0.348
705.10	0.343
705.30	0.341
705.49	0.343
705.68	0.336
705.88	0.344
706.07	0.340
706.27	0.343
706.46	0.340
706.66	0.345
706.85	0.338
707.04	0.334
707.24	0.329
707.43	0.345
707.63	0.333
707.82	0.338
708.01	0.337
708.21	0.332
708.40	0.330
708.60	0.342
708.79	0.322
708.98	0.322
709.18	0.326
709.37	0.330
709.57	0.323
709.76	0.334
709.95	0.322
710.15	0.322
710.34	0.321
710.54	0.324
710.73	0.322
710.92	0.324
711.12	0.323
711.31	0.316
711.51	0.308
711.70	0.319
711.89	0.322
712.09	0.320
712.28	0.308
712.48	0.322
712.67	0.319
712.86	0.323
713.06	0.310
713.25	0.316
713.44	0.310
713.64	0.314
713.83	0.305
714.02	0.316
714.22	0.310
714.41	0.315
714.61	0.311
714.80	0.304
714.99	0.310
715.19	0.311
715.38	0.307
715.57	0.300
715.77	0.297
715.96	0.302
716.15	0.297
716.35	0.308
716.54	0.294
716.73	0.302
716.93	0.296
717.12	0.291
717.31	0.293
717.51	0.298
717.70	0.288
717.89	0.293
718.09	0.290
718.28	0.290
718.47	0.283
718.67	0.291
718.86	0.286
719.05	0.291
719.25	0.278
719.44	0.294
719.63	0.276
719.83	0.286
720.02	0.281
720.21	0.280
720.41	0.284
720.60	0.277
720.79	0.277
720.99	0.280
721.18	0.274
721.37	0.274
721.56	0.274
721.76	0.277
721.95	0.269
722.14	0.279
722.34	0.274
722.53	0.274
722.72	0.271
722.92	0.272
723.11	0.271
723.30	0.271
723.49	0.261
723.69	0.261
723.88	0.262
724.07	0.261
724.27	0.260
724.46	0.260
724.65	0.266
724.84	0.259
725.04	0.258
725.23	0.259
725.42	0.248
725.62	0.252
725.81	0.262
726.00	0.254
726.19	0.251
726.39	0.264
726.58	0.252
726.77	0.256
726.96	0.243
727.16	0.262
727.35	0.244
727.54	0.255
727.73	0.245
727.93	0.252
728.12	0.244
728.31	0.256
728.50	0.245
728.70	0.240
728.89	0.240
729.08	0.248
729.27	0.239
729.47	0.248
729.66	0.247
729.85	0.246
730.04	0.239
730.24	0.247
730.43	0.232
730.62	0.242
730.81	0.236
731.01	0.233
731.20	0.229
731.39	0.239
731.58	0.226
731.77	0.232
731.97	0.224
732.16	0.223
732.35	0.223
732.54	0.236
732.74	0.224
732.93	0.234
733.12	0.228
733.31	0.230
733.50	0.222
733.70	0.229
733.89	0.218
734.08	0.225
734.27	0.219
734.46	0.226
734.66	0.223
734.85	0.225
735.04	0.212
735.23	0.213
735.42	0.215
735.62	0.218
735.81	0.208
736.00	0.213
736.19	0.208
736.38	0.211
736.58	0.211
736.77	0.211
736.96	0.211
737.15	0.213
737.34	0.212
737.53	0.202
737.73	0.203
737.92	0.208
738.11	0.206
738.30	0.212
738.49	0.201
738.68	0.209
738.88	0.199
739.07	0.213
739.26	0.194
739.45	0.203
739.64	0.196
739.83	0.201
740.03	0.200
740.22	0.198
740.41	0.193
740.60	0.198
740.79	0.196
740.98	0.191
741.17	0.194
741.37	0.193
741.56	0.194
741.75	0.199
741.94	0.184
742.13	0.191
742.32	0.191
742.51	0.189
742.71	0.190
742.90	0.183
743.09	0.184
743.28	0.192
743.47	0.196
743.66	0.182
743.85	0.193
744.04	0.190
744.24	0.186
744.43	0.182
744.62	0.185
744.81	0.184
745.00	0.177
745.19	0.182
745.38	0.181
745.57	0.178
745.77	0.184
745.96	0.183
746.15	0.177
746.34	0.178
746.53	0.177
746.72	0.183
746.91	0.165
747.10	0.176
747.29	0.177
747.48	0.180
747.68	0.169
747.87	0.173
748.06	0.173
748.25	0.171
748.44	0.164
748.63	0.167
748.82	0.171
749.01	0.175
749.20	0.166
749.39	0.174
749.58	0.159
749.77	0.174
749.97	0.169
750.16	0.168
750.35	0.160
750.54	0.166
750.73	0.157
750.92	0.162
751.11	0.160
751.30	0.162
751.49	0.160
751.68	0.164
751.87	0.169
752.06	0.163
752.25	0.155
752.44	0.163
752.63	0.155
752.83	0.153
753.02	0.152
753.21	0.154
753.40	0.153
753.59	0.156
753.78	0.146
753.97	0.164
754.16	0.152
754.35	0.149
754.54	0.146
754.73	0.146
754.92	0.146
755.11	0.151
755.30	0.149
755.49	0.145
755.68	0.151
755.87	0.147
756.06	0.147
756.25	0.143
756.44	0.143
756.63	0.140
756.82	0.142
757.01	0.145
757.20	0.139
757.39	0.138
757.58	0.137
757.77	0.143
757.96	0.139
758.15	0.143
758.34	0.135
758.53	0.139
758.72	0.138
758.91	0.136
759.10	0.142
759.29	0.140
759.48	0.132
759.67	0.140
759.86	0.135
760.05	0.137
760.24	0.132
760.43	0.136
760.62	0.129
760.81	0.141
761.00	0.136
761.19	0.133
761.38	0.128
761.57	0.132
761.76	0.132
761.95	0.122
762.14	0.131
762.33	0.134
762.52	0.129
762.71	0.123
762.90	0.129
763.09	0.125
763.28	0.126
763.47	0.134
763.66	0.126
763.85	0.127
764.04	0.123
764.23	0.128
764.42	0.121
764.61	0.133
764.80	0.123
764.99	0.117
765.17	0.118
765.36	0.116
765.55	0.117
765.74	0.122
765.93	0.119
766.12	0.113
766.31	0.116
766.50	0.120
766.69	0.117
766.88	0.114
767.07	0.119
767.26	0.111
767.45	0.116
767.64	0.112
767.83	0.115
768.02	0.116
768.20	0.117
768.39	0.116
768.58	0.113
768.77	0.108
768.96	0.110
769.15	0.110
769.34	0.113
769.53	0.110
769.72	0.111
769.91	0.104
770.10	0.110
770.29	0.108
770.47	0.108
770.66	0.104
770.85	0.104
771.04	0.101
771.23	0.098
771.42	0.103
771.61	0.105
771.80	0.103
771.99	0.102
772.18	0.103
772.36	0.109
772.55	0.100
772.74	0.099
772.93	0.094
773.12	0.100
773.31	0.099
773.50	0.095
773.69	0.092
773.87	0.098
774.06	0.100
774.25	0.097
774.44	0.101
774.63	0.101
774.82	0.100
775.01	0.093
775.20	0.089
775.38	0.092
775.57	0.091
775.76	0.091
775.95	0.101
776.14	0.097
776.33	0.092
776.52	0.096
776.70	0.087
776.89	0.089
777.08	0.094
777.27	0.083
777.46	0.092
777.65	0.088
777.83	0.087
778.02	0.088
778.21	0.094
778.40	0.085
778.59	0.089
778.78	0.084
778.97	0.085
779.15	0.082
779.34	0.082
779.53	0.078
779.72	0.087
779.91	0.083
780.09	0.082
780.28	0.086
780.47	0.082
780.66	0.086
780.85	0.082
781.04	0.084
781.22	0.089
781.41	0.079
781.60	0.083
781.79	0.080
781.98	0.079
782.16	0.081
782.35	0.074
782.54	0.080
782.73	0.073
782.92	0.081
783.10	0.075
783.29	0.078
783.48	0.076
783.67	0.075
783.86	0.077
784.04	0.080
784.23	0.077
784.42	0.076
784.61	0.072
784.80	0.075
784.98	0.077
785.17	0.063
785.36	0.078
785.55	0.077
785.73	0.069
785.92	0.073
786.11	0.071
786.30	0.080
786.49	0.064
786.67	0.070
786.86	0.073
787.05	0.071
787.24	0.073
787.42	0.072
787.61	0.066
787.80	0.066
787.99	0.067
788.17	0.064
788.36	0.070
788.55	0.064
788.74	0.062
788.92	0.071
789.11	0.064
789.30	0.072
789.49	0.060
789.67	0.067
789.86	0.069
790.05	0.065
790.24	0.058
790.42	0.069
790.61	0.064
790.80	0.066
790.99	0.064
791.17	0.061
791.36	0.065
791.55	0.065
791.73	0.063
791.92	0.061
792.11	0.065
792.30	0.061
792.48	0.058
792.67	0.054
792.86	0.059
793.04	0.059
793.23	0.062
793.42	0.049
793.61	0.059
793.79	0.060
793.98	0.062
794.17	0.060
794.35	0.058
794.54	0.054
794.73	0.054
794.92	0.056
795.10	0.064
795.29	0.056
795.48	0.058
795.66	0.053
795.85	0.050
796.04	0.053
796.22	0.058
796.41	0.057
796.60	0.054
796.78	0.056
796.97	0.055
797.16	0.053
797.34	0.049
797.53	0.055
797.72	0.049
797.90	0.050
798.09	0.056
798.28	0.046
798.46	0.059
798.65	0.051
798.84	0.055
799.02	0.046
799.21	0.044
799.40	0.051
799.58	0.045
799.77	0.041
799.96	0.059
800.14	0.043
800.33	0.046
800.52	0.048
800.70	0.049
800.89	0.052
801.08	0.057
801.26	0.050
801.45	0.052
801.64	0.040
801.82	0.046
802.01	0.052
802.19	0.042
802.38	0.048
802.57	0.050
802.75	0.046
802.94	0.054
803.13	0.045
803.31	0.046
803.50	0.048
803.68	0.044
803.87	0.050
804.06	0.047
804.24	0.051
804.43	0.040
804.62	0.036
804.80	0.039
804.99	0.038
805.17	0.040
805.36	0.047
805.55	0.043
805.73	0.039
805.92	0.038
806.10	0.044
806.29	0.043
806.48	0.033
806.66	0.036
806.85	0.041
807.03	0.044
807.22	0.039
807.41	0.034
807.59	0.038
807.78	0.036
807.96	0.039
808.15	0.038
808.33	0.042
808.52	0.037
808.71	0.033
808.89	0.042
809.08	0.039
809.26	0.045
809.45	0.034
809.63	0.038
809.82	0.037
810.01	0.030
810.19	0.038
810.38	0.035
810.56	0.037
810.75	0.035
810.93	0.040
811.12	0.034
811.30	0.032
811.49	0.030
811.68	0.037
811.86	0.025
812.05	0.033
812.23	0.028
812.42	0.034
812.60	0.034
812.79	0.038
812.97	0.033
813.16	0.024
813.34	0.030
813.53	0.041
813.72	0.036
813.90	0.032
814.09	0.032
814.27	0.036
814.46	0.030
814.64	0.024
814.83	0.035
815.01	0.026
815.20	0.032
815.38	0.036
815.57	0.032
815.75	0.039
815.94	0.039
816.12	0.029
816.31	0.035
816.49	0.034
816.68	0.035
816.86	0.026
817.05	0.030
817.23	0.026
817.42	0.025
817.60	0.031
817.79	0.036
817.97	0.024
818.16	0.034
818.34	0.022
818.53	0.024
818.71	0.029
818.90	0.021
819.08	0.026
819.27	0.025
819.45	0.030
819.64	0.025
819.82	0.026
820.01	0.026
820.19	0.029
820.38	0.029
820.56	0.017
820.75	0.021
820.93	0.020
821.12	0.032
821.30	0.028
821.48	0.027
821.67	0.033
821.85	0.023
822.04	0.025
822.22	0.026
822.41	0.028
822.59	0.018
822.78	0.020
822.96	0.027
823.15	0.021
823.33	0.025
823.51	0.030
823.70	0.020
823.88	0.031
824.07	0.021
824.25	0.023
824.44	0.018
824.62	0.023
824.81	0.023
824.99	0.027
825.17	0.027
825.36	0.015
825.54	0.022
825.73	0.019
825.91	0.015
826.10	0.021
826.28	0.020
826.46	0.025
826.65	0.014
826.83	0.014
827.02	0.018
827.20	0.018
827.38	0.015
827.57	0.015
827.75	0.024
827.94	0.023
828.12	0.016
828.30	0.025
828.49	0.013
828.67	0.017
828.86	0.020
829.04	0.023
829.22	0.015
829.41	0.022
829.59	0.020
829.78	0.018
829.96	0.012
830.14	0.021
830.33	0.012
830.51	0.020
830.70	0.021
830.88	0.018
831.06	0.022
831.25	0.022
831.43	0.019
831.61	0.014
831.80	0.020
831.98	0.028
832.17	0.008
832.35	0.009
832.53	0.010
832.72	0.012
832.90	0.018
833.08	0.010
833.27	0.010
833.45	0.017
833.63	0.016
833.82	0.009
834.00	0.011
834.19	0.017
834.37	0.015
834.55	0.009
834.74	0.008
834.92	0.016
835.10	0.010
835.29	0.006
835.47	0.012
835.65	0.015
835.84	0.012
836.02	0.014
836.20	0.011
836.39	0.015
836.57	0.021
836.75	0.016
836.94	0.010
837.12	0.018
837.30	0.012
837.49	0.008
837.67	0.025
837.85	0.021
838.03	0.008
838.22	0.016
838.40	0.011
838.58	0.019
838.77	0.011
838.95	0.017
839.13	0.014
839.32	0.007
839.50	0.012
839.68	0.015
839.87	0.008
840.05	0.016
840.23	0.011
840.41	0.010
840.60	0.014
840.78	0.008
840.96	0.010
841.15	0.011
841.33	0.016
841.51	0.008
841.69	0.011
841.88	0.016
842.06	0.013
842.24	0.008
842.43	0.002
842.61	0.001
842.79	0.008
842.97	0.004
843.16	0.008
843.34	0.015
843.52	0.006
843.70	0.011
843.89	0.012
844.07	0.007
844.25	0.007
844.43	0.010
844.62	0.006
844.80	0.009
844.98	0.002
845.16	0.010
845.35	0.007
845.53	0.011
845.71	0.011
845.89	0.008
846.08	0.006
846.26	0.007
846.44	0.013
846.62	0.006
846.81	0.018
846.99	0.009
847.17	0.009
847.35	0.012
847.54	0.018
847.72	0.010
847.90	0.010
848.08	0.012
848.26	0.003
848.45	0.007
848.63	0.006
848.81	0.013
848.99	0.012
849.18	0.004
849.36	0.015
849.54	0.004
849.72	0.008
849.90	0.004
850.09	0.014
850.27	0.010
850.45	0.011
850.63	0.011
850.81	-0.000
851.00	0.010
851.18	0.004
851.36	0.008
851.54	0.007
851.72	0.006
851.91	0.014
852.09	0.011
852.27	0.006
852.45	0.003
852.63	0.006
852.82	0.005
853.00	0.008
853.18	0.011
853.36	0.005
853.54	0.002
853.72	-0.003
853.91	0.007
854.09	0.000
854.27	0.008
854.45	0.006
854.63	0.008
854.81	0.009
855.00	-0.004
855.18	0.017
855.36	0.012
855.54	0.004
855.72	0.009
855.90	0.007
856.08	0.006
856.27	0.014
856.45	0.008
856.63	0.003
856.81	0.008
856.99	0.005
857.17	0.003
857.35	0.008
857.54	0.007
857.72	-0.009
857.90	0.001
858.08	0.001
858.26	0.007
858.44	0.007
858.62	-0.003
858.81	-0.001
858.99	0.004
859.17	0.004
859.35	0.006
859.53	0.005
859.71	0.014
859.89	0.009
860.07	0.004
860.25	0.005
860.44	0.002
860.62	-0.003
860.80	-0.007
860.98	0.007
861.16	0.005
861.34	0.010
861.52	0.003
861.70	0.002
861.88	0.001
862.06	0.013
862.25	0.014
862.43	0.009
862.61	0.004
862.79	-0.001
862.97	0.003
863.15	-0.005
863.33	0.001
863.51	0.008
863.69	0.004
863.87	0.003
864.05	-0.005
864.23	0.009
864.42	0.003
864.60	0.006
864.78	0.012
864.96	0.003
865.14	-0.009
865.32	-0.004
865.50	0.009
865.68	0.012
865.86	-0.005
866.04	0.002
866.22	0.003
866.40	-0.007
866.58	0.008
866.76	-0.006
866.94	-0.002
867.12	0.009
867.30	0.008
867.49	0.006
867.67	0.004
867.85	0.008
868.03	0.012
868.21	0.002
868.39	0.001
868.57	-0.008
868.75	-0.004
868.93	0.004
869.11	-0.002
869.29	-0.008
869.47	0.003
869.65	0.003
869.83	-0.001
870.01	0.011
870.19	-0.002
870.37	-0.000
870.55	0.003
870.73	-0.004
870.91	-0.009
871.09	-0.000
871.27	-0.001
871.45	-0.001
871.63	0.001
871.81	-0.003
871.99	-0.005
872.17	0.004
872.35	0.000
872.53	0.003
872.71	0.002
872.89	-0.004
873.07	0.002
873.25	0.006
873.43	0.003
873.61	-0.001
873.79	-0.014
873.97	0.003
874.15	-0.009
874.33	-0.007
874.51	-0.008
874.69	-0.001
874.87	0.003
875.05	0.005
875.23	-0.004
875.41	0.008
875.59	0.000
875.77	0.006
875.95	-0.004
876.13	-0.009
876.31	0.005
876.49	0.003
876.66	0.000
876.84	-0.009
877.02	0.004
877.20	0.004
877.38	0.003
877.56	-0.003
877.74	0.003
877.92	-0.007
878.10	-0.004
878.28	-0.003
878.46	-0.004
878.64	-0.005
878.82	-0.004
879.00	-0.007
879.18	-0.003
879.36	-0.005
879.54	-0.012
879.72	-0.007
879.89	-0.001
880.07	-0.004
880.25	-0.007
880.43	-0.004
880.61	-0.002
880.79	-0.009
880.97	-0.012
881.15	-0.010
881.33	-0.006
881.51	-0.004
881.69	-0.009
881.87	-0.002
882.04	0.004
882.22	-0.015
882.40	-0.002
882.58	-0.008
882.76	-0.001
882.94	-0.002
883.12	-0.012
883.30	-0.002
883.48	-0.020
883.65	-0.014
883.83	-0.006
884.01	0.003
884.19	-0.005
884.37	-0.004
884.55	-0.002
884.73	0.002
884.91	-0.014
885.09	-0.019
885.26	-0.001
885.44	0.002
885.62	-0.004
885.80	-0.002
885.98	-0.009
886.16	0.003
886.34	-0.006
886.52	0.012
886.69	-0.016
886.87	-0.007
887.05	-0.022
887.23	-0.007
887.41	-0.010
887.59	-0.014
887.76	-0.005
887.94	0.002
888.12	-0.012
888.30	0.014
888.48	0.000
888.66	0.001
888.84	-0.005
889.01	-0.007
889.19	-0.000
889.37	-0.009
889.55	0.001
889.73	-0.008
889.91	-0.014
890.08	-0.005
890.26	-0.005
890.44	-0.004
890.62	-0.010
890.80	-0.011
890.98	-0.006
891.15	-0.008
891.33	-0.005
891.51	-0.009
891.69	0.007
891.87	-0.009
892.04	-0.001
892.22	-0.008
892.40	-0.006
892.58	-0.009
892.76	-0.012
892.93	-0.004
893.11	-0.013
893.29	-0.002
893.47	-0.004
893.65	-0.001
893.82	-0.003
894.00	-0.010
894.18	-0.001
894.36	-0.002
894.54	-0.006
894.71	-0.005
894.89	-0.013
895.07	-0.006
895.25	-0.000
895.42	-0.007
895.60	-0.005
895.78	-0.012
895.96	0.001
896.14	-0.011
896.31	-0.005
896.49	-0.011
896.67	-0.008
896.85	-0.009
897.02	0.003
897.20	-0.009
897.38	-0.013
897.56	-0.013
897.73	0.001
897.91	-0.012
898.09	-0.015
898.27	-0.014
898.44	-0.002
898.62	-0.005
898.80	-0.012
898.98	-0.019
899.15	-0.010
899.33	-0.003
899.51	0.005
899.69	-0.008
899.86	-0.011
900.04	-0.002
900.22	-0.005
900.40	-0.009
900.57	-0.009
900.75	-0.007
900.93	-0.015
901.10	-0.017
901.28	-0.005
901.46	-0.004
901.64	0.003
901.81	-0.016
901.99	-0.013
902.17	-0.008
902.34	-0.004
902.52	-0.014
902.70	-0.029
902.88	-0.005
903.05	-0.011
903.23	-0.013
903.41	-0.015
903.58	-0.005
903.76	-0.005
903.94	-0.009
904.11	-0.009
904.29	0.001
904.47	-0.014
904.64	-0.010
904.82	-0.013
905.00	-0.009
905.18	-0.022
905.35	-0.012
905.53	-0.007
905.71	-0.018
905.88	-0.005
906.06	-0.014
906.24	-0.006
906.41	-0.017
906.59	-0.008
906.77	-0.012
906.94	-0.017
907.12	0.000
907.30	-0.011
907.47	-0.005
907.65	-0.005
907.83	-0.001
908.00	-0.016
908.18	-0.002
908.36	-0.012
908.53	-0.016
908.71	-0.007
908.88	-0.015
909.06	-0.005
909.24	-0.015
909.41	-0.000
909.59	-0.011
909.77	-0.008
909.94	0.000
910.12	-0.004
910.30	-0.008
910.47	-0.020
910.65	-0.009
910.82	-0.010
911.00	-0.010
911.18	-0.006
911.35	0.004
911.53	-0.006
911.71	-0.008
911.88	-0.004
912.06	-0.007
912.23	-0.005
912.41	-0.016
912.59	-0.007
912.76	-0.003
912.94	-0.005
913.11	-0.012
913.29	-0.024
913.47	-0.014
913.64	-0.020
913.82	-0.002
913.99	-0.011
914.17	-0.004
914.35	-0.012
914.52	-0.011
914.70	-0.019
914.87	-0.014
915.05	-0.014
915.23	-0.007
915.40	-0.007
915.58	-0.013
915.75	0.001
915.93	-0.005
916.10	-0.015
916.28	-0.014
916.46	-0.016
916.63	-0.006
916.81	-0.010
916.98	-0.015
917.16	-0.006
917.33	-0.012
917.51	-0.011
917.68	-0.009
917.86	-0.020
918.04	-0.016
918.21	-0.002
918.39	-0.023
918.56	-0.014
918.74	-0.016
918.91	0.001
919.09	-0.024
919.26	-0.020
919.44	-0.015
919.62	-0.002
919.79	-0.020
919.97	-0.011
920.14	0.004
920.32	-0.002
920.49	-0.017
920.67	-0.011
920.84	-0.004
921.02	-0.015
921.19	-0.018
921.37	-0.009
921.54	-0.021
921.72	-0.013
921.89	-0.008
922.07	0.004
922.24	-0.011
922.42	-0.019
922.59	-0.014
922.77	-0.020
922.94	-0.003
923.12	-0.010
923.29	-0.021
923.47	-0.007
923.64	-0.008
923.82	-0.000
923.99	-0.020
924.17	-0.009
924.34	-0.018
924.52	-0.011
924.69	-0.014
924.87	-0.007
925.04	0.002
925.22	-0.004
925.39	-0.003
925.57	-0.015
925.74	-0.009
925.92	0.010
926.09	-0.005
926.27	-0.014
926.44	-0.012
926.62	-0.023
926.79	-0.010
926.97	-0.001
927.14	-0.008
927.31	-0.007
927.49	-0.014
927.66	-0.023
927.84	-0.009
928.01	-0.006
928.19	-0.017
928.36	-0.023
928.54	-0.000
928.71	-0.008
928.89	-0.030
929.06	-0.006
929.23	-0.007
929.41	-0.020
929.58	-0.018
929.76	-0.018
929.93	-0.019
930.11	-0.025
930.28	-0.018
930.45	-0.016
930.63	-0.009
930.80	-0.018
930.98	-0.018
931.15	-0.010
931.33	-0.019
931.50	-0.019
931.67	-0.014
931.85	-0.013
932.02	-0.011
932.20	-0.018
932.37	-0.019
932.55	-0.009
932.72	-0.008
932.89	-0.023
933.07	0.002
933.24	-0.004
933.42	-0.011
933.59	-0.014
933.76	-0.007
933.94	-0.005
934.11	-0.021
934.28	-0.022
934.46	-0.005
934.63	-0.017
934.81	-0.018
934.98	-0.008
935.15	-0.001
935.33	-0.017
935.50	-0.012
935.68	-0.010
935.85	-0.009
936.02	-0.011
936.20	-0.005
936.37	-0.012
936.54	-0.016
936.72	-0.006
936.89	-0.023
937.07	-0.014
937.24	-0.000
937.41	-0.023
937.59	-0.010
937.76	-0.018
937.93	-0.015
938.11	-0.007
938.28	-0.008
938.45	-0.013
938.63	-0.005
938.80	-0.011
938.97	-0.020
939.15	0.003
939.32	-0.010
939.49	-0.018
939.67	-0.013
939.84	-0.011
940.01	-0.009
940.19	-0.010
940.36	0.000
940.53	-0.022
940.71	-0.014
940.88	-0.024
941.05	-0.016
941.23	-0.009
941.40	-0.020
941.57	-0.024
941.75	-0.032
941.92	-0.019
942.09	-0.023
942.27	-0.028
942.44	-0.014
942.61	-0.016
942.78	-0.031
942.96	-0.013
943.13	0.009
943.30	-0.013
943.48	-0.030
943.65	-0.023
943.82	-0.010
944.00	-0.027
944.17	-0.026
944.34	-0.007
944.51	-0.028
944.69	0.001
944.86	-0.035
945.03	-0.016
945.21	-0.016
945.38	-0.028
945.55	-0.032
945.72	-0.019
945.90	-0.032
946.07	-0.016
946.24	-0.022
946.41	-0.016
946.59	-0.021
946.76	0.003
946.93	-0.013
947.10	-0.028
947.28	-0.027
947.45	-0.017
947.62	-0.023
947.80	-0.014
947.97	-0.022
948.14	-0.004
948.31	-0.018
948.48	-0.019
948.66	-0.011
948.83	-0.022
949.00	-0.022
949.17	-0.018
949.35	-0.021
949.52	-0.025
949.69	-0.024
949.86	-0.010
950.04	0.007
950.21	-0.015
950.38	-0.034
950.55	-0.012
950.73	-0.025
950.90	-0.016
951.07	-0.010
951.24	-0.025
951.41	-0.013
951.59	-0.014
951.76	-0.022
951.93	-0.046
952.10	-0.013
952.27	-0.037
952.45	-0.033
952.62	-0.020
952.79	-0.023
952.96	-0.026
953.13	-0.025
953.31	-0.035
953.48	-0.008
953.65	-0.013
953.82	-0.021
953.99	-0.009
954.17	-0.035
954.34	-0.020
954.51	-0.022
954.68	-0.013
954.85	-0.025
955.02	-0.054
955.20	-0.036
955.37	-0.031
955.54	-0.035
955.71	-0.039
955.88	-0.001
956.05	-0.015
956.23	-0.020
956.40	-0.021
956.57	-0.007
956.74	-0.016
956.91	-0.030
957.08	-0.039
957.26	-0.022
957.43	-0.012
957.60	-0.030
957.77	-0.021
957.94	0.010
958.11	-0.041
958.28	-0.018
958.46	-0.027
958.63	-0.009
958.80	-0.006
958.97	-0.012
959.14	-0.029
959.31	0.008
959.48	-0.034
959.66	-0.010
959.83	-0.011
960.00	-0.023
960.17	-0.024
960.34	-0.002
960.51	-0.014
960.68	-0.019
960.85	-0.019
961.03	-0.010
961.20	-0.034
961.37	-0.027
961.54	-0.025
961.71	-0.022
961.88	-0.018
962.05	-0.015
962.22	-0.015
962.39	-0.023
962.56	-0.011
962.74	-0.012
962.91	-0.015
963.08	-0.043
963.25	-0.014
963.42	-0.015
963.59	-0.017
963.76	-0.012
963.93	-0.033
964.10	-0.002
964.27	-0.011
964.44	0.001
964.62	0.002
964.79	0.002
964.96	-0.017
965.13	-0.024
965.30	-0.039
965.47	0.019
965.64	-0.016
965.81	-0.026
965.98	-0.005
966.15	0.013
966.32	-0.014
966.49	-0.022
966.66	-0.039
966.83	-0.017
967.00	-0.021
967.17	-0.014
967.34	-0.010
967.52	-0.011
967.69	-0.009
967.86	-0.006
968.03	-0.011
968.20	-0.009
968.37	-0.032
968.54	-0.038
968.71	-0.006
968.88	-0.021
969.05	-0.015
969.22	-0.043
969.39	-0.034
969.56	-0.010
969.73	-0.009
969.90	-0.004
970.07	-0.011
970.24	-0.023
970.41	-0.031
970.58	-0.031
970.75	-0.013
970.92	0.003
971.09	-0.027
971.26	-0.019
971.43	-0.005
971.60	-0.034
971.77	-0.014
971.94	-0.024
972.11	-0.010
972.28	-0.013
972.45	-0.006
972.62	0.012
972.79	-0.035
972.96	-0.027
973.13	-0.026
973.30	-0.019
973.47	-0.061
973.64	-0.050
973.81	-0.019
973.98	-0.045
974.15	-0.038
974.32	-0.007
974.49	-0.039
974.66	-0.036
974.83	-0.027
975.00	0.011
975.17	-0.014
975.34	-0.028
975.51	-0.033
975.68	-0.042
975.85	-0.056
976.01	0.003
976.18	-0.062
976.35	-0.023
976.52	-0.008
976.69	-0.035
976.86	-0.023
977.03	-0.053
977.20	-0.029
977.37	-0.011
977.54	-0.048
977.71	-0.028
977.88	-0.006
978.05	-0.032
978.22	0.006
978.39	-0.011
978.56	-0.017
978.73	-0.014
978.89	-0.023
979.06	-0.002
979.23	-0.012
979.40	-0.003
979.57	-0.054
979.74	-0.024
979.91	0.009
980.08	-0.019
980.25	-0.018
980.42	-0.022
980.59	0.000
980.75	-0.011
980.92	-0.011
981.09	-0.004
981.26	-0.020
981.43	-0.016
981.60	-0.039
981.77	0.016
981.94	-0.053
982.11	-0.005
982.28	-0.034
982.44	0.022
982.61	-0.038
982.78	-0.024
982.95	-0.059
983.12	-0.029
983.29	-0.049
983.46	-0.035
983.63	-0.053
983.79	-0.054
983.96	-0.019
984.13	0.010
984.30	-0.038
984.47	-0.004
984.64	-0.033
984.81	-0.030
984.97	-0.006
985.14	-0.030
985.31	-0.051
985.48	-0.044
985.65	-0.032
985.82	0.001
985.99	-0.006
986.15	-0.002
986.32	0.016
986.49	-0.003
986.66	-0.012
986.83	-0.057
987.00	-0.025
987.16	-0.001
987.33	0.001
987.50	-0.053
987.67	-0.026
987.84	-0.007
988.01	-0.039
988.17	-0.026
988.34	-0.050
988.51	-0.025
988.68	-0.000
988.85	-0.057
989.02	-0.024
989.18	-0.043
989.35	0.016
989.52	0.005
989.69	-0.040
989.86	-0.016
990.02	-0.013
990.19	-0.019
990.36	-0.023
990.53	-0.033
990.70	-0.011
990.86	-0.002
991.03	0.008
991.20	-0.053
991.37	0.023
991.53	-0.063
991.70	0.021
991.87	-0.057
992.04	0.005
992.21	-0.029
992.37	-0.039
992.54	-0.029
992.71	-0.026
992.88	-0.025
993.04	-0.040
993.21	-0.022
993.38	-0.032
993.55	-0.013
993.72	-0.008
993.88	-0.041
994.05	-0.013
994.22	-0.030
994.39	0.001
994.55	-0.019
994.72	-0.014
994.89	-0.003
995.06	-0.024
995.22	-0.033
995.39	-0.049
995.56	-0.013
995.73	-0.019
995.89	-0.049
996.06	-0.015
996.23	-0.045
996.39	-0.081
996.56	-0.027
996.73	-0.018
996.90	-0.049
997.06	-0.059
997.23	-0.038
997.40	-0.077
997.57	-0.053
997.73	-0.015
997.90	-0.060
998.07	-0.034
998.23	-0.015
998.40	-0.019
998.57	-0.018
998.74	-0.061
998.90	-0.024
999.07	-0.011
999.24	-0.022
999.40	-0.028
999.57	0.003
999.74	-0.047
999.90	-0.039
1000.07	-0.023
1000.24	-0.040
1000.41	-0.015
1000.57	-0.040
1000.74	-0.011
1000.91	-0.062
1001.07	0.016
1001.24	-0.048
1001.41	-0.015
1001.57	-0.086
1001.74	-0.064
1001.91	-0.022
1002.07	-0.033
1002.24	-0.003
1002.41	-0.035
1002.57	-0.044
1002.74	-0.088
1002.91	-0.004
1003.07	-0.032
1003.24	-0.034
1003.41	-0.023
1003.57	-0.007
1003.74	-0.062
1003.91	-0.043
1004.07	-0.041
1004.24	-0.013
1004.41	-0.038
1004.57	-0.020
1004.74	-0.081
1004.90	-0.030
1005.07	-0.075
1005.24	-0.044
1005.40	-0.057
1005.57	-0.049
1005.74	-0.064
1005.90	-0.044
1006.07	-0.043
1006.23	-0.034
1006.40	0.025
1006.57	-0.001
1006.73	-0.003
1006.90	-0.028
1007.07	-0.041
1007.23	-0.041
1007.40	-0.034
1007.56	-0.031
1007.73	-0.043
1007.90	-0.039
1008.06	-0.085
1008.23	-0.037
1008.39	-0.017
1008.56	-0.033
1008.73	-0.053
1008.89	-0.078
1009.06	-0.050
1009.22	-0.044
1009.39	-0.037
1009.56	-0.055
1009.72	-0.026
1009.89	-0.038
1010.05	0.002
1010.22	-0.025
1010.38	-0.048
1010.55	-0.061
1010.72	-0.022
1010.88	0.014
1011.05	-0.015
1011.21	-0.044
1011.38	-0.049
1011.54	-0.063
1011.71	-0.037
1011.88	-0.091
1012.04	-0.010
1012.21	-0.033
1012.37	-0.023
1012.54	-0.027
1012.70	-0.037
1012.87	-0.008
1013.03	-0.056
1013.20	-0.046
1013.37	0.013
1013.53	0.012
1013.70	-0.064
1013.86	-0.008
1014.03	-0.051
1014.19	-0.051
1014.36	0.003
1014.52	-0.024
1014.69	-0.020
1014.85	-0.016
1015.02	-0.062
1015.18	0.002
1015.35	-0.001
1015.51	-0.081
1015.68	-0.020
1015.84	-0.042
1016.01	-0.043
1016.17	-0.030
1016.34	-0.013
1016.51	-0.065
1016.67	-0.085
1016.84	-0.043
1017.00	-0.014
1017.17	-0.074
1017.33	-0.007
1017.50	-0.052
1017.66	-0.040
1017.83	-0.096
1017.99	-0.057
1018.15	-0.064
1018.32	-0.019
1018.48	-0.027
1018.65	-0.016
1018.81	-0.003
1018.98	-0.039
1019.14	-0.042
1019.31	-0.076
1019.47	-0.074
1019.64	-0.121
1019.80	-0.091
1019.97	-0.069
1020.13	-0.080
1020.30	-0.012
1020.46	0.023
1020.63	-0.128
1020.79	-0.037
1020.96	-0.001
1021.12	-0.041
1021.28	-0.000
1021.45	-0.037
1021.61	-0.047
1021.78	-0.021
1021.94	0.009
1022.11	-0.016
1022.27	-0.035
1022.44	-0.095
1022.60	-0.018
1022.76	-0.089
1022.93	-0.059
1023.09	-0.030
1023.26	-0.085
1023.42	-0.063
1023.59	-0.028
1023.75	-0.054
1023.91	-0.107
1024.08	-0.048
1024.24	-0.038
1024.41	-0.008
1024.57	-0.083
1024.74	0.053
1024.90	-0.082
1025.06	-0.112
1025.23	-0.031
1025.39	-0.019
1025.56	-0.109
1025.72	-0.060
1025.88	-0.001
1026.05	-0.057
1026.21	-0.083
1026.38	-0.050
1026.54	-0.104
1026.70	-0.059
1026.87	-0.088
1027.03	-0.095
1027.20	-0.073
1027.36	-0.023
1027.52	-0.056
1027.69	-0.088
1027.85	0.011
1028.01	-0.079
1028.18	-0.011
1028.34	-0.047
1028.51	-0.066
1028.67	-0.123
1028.83	-0.111
1029.00	-0.024
1029.16	-0.055
1029.32	-0.061
1029.49	-0.003
1029.65	-0.105
1029.81	-0.143
1029.98	-0.085
1030.14	-0.072
1030.31	-0.035
1030.47	0.016
1030.63	-0.114
1030.80	-0.068
1030.96	-0.037
1031.12	-0.037
1031.29	-0.057
1031.45	-0.060
1031.61	-0.026
1031.78	-0.032
1031.94	-0.046
1032.10	-0.073
1032.27	-0.024
1032.43	0.005
1032.59	-0.050
1032.76	-0.063
1032.92	0.038
1033.08	-0.159
1033.25	-0.036
1033.41	-0.029
1033.57	-0.118
1033.73	-0.086
1033.90	-0.060
1034.06	-0.156
1034.22	-0.080
1034.39	0.008
1034.55	-0.005
1034.71	-0.151
1034.88	-0.033
1035.04	-0.163
1035.20	-0.087
1035.36	-0.047
1035.53	-0.067
1035.69	-0.054
1035.85	-0.099
1036.02	-0.105
1036.18	-0.049
1036.34	-0.051
1036.50	-0.107
1036.67	-0.071
1036.83	-0.017
1036.99	-0.070
1037.16	-0.055
1037.32	-0.100
1037.48	-0.012
1037.64	0.006
1037.81	-0.053
1037.97	-0.065
1038.13	-0.031
1038.29	-0.022
1038.46	-0.089
1038.62	-0.127
1038.78	-0.115
1038.94	-0.098
1039.11	0.036
1039.27	-0.056
1039.43	-0.113
1039.59	-0.167
1039.76	-0.140
1039.92	-0.008
1040.08	-0.044
1040.24	-0.081
1040.41	-0.097
1040.57	-0.063
1040.73	-0.024
1040.89	-0.086
1041.05	0.018
1041.22	-0.187
1041.38	0.029
1041.54	-0.093
1041.70	-0.016
1041.87	-0.056
1042.03	-0.139
1042.19	-0.027
1042.35	-0.016
1042.51	-0.041
1042.68	-0.029
1042.84	-0.093
1043.00	-0.056
1043.16	-0.028
1043.32	-0.125
1043.49	-0.087
1043.65	-0.064
1043.81	-0.131
1043.97	-0.096
1044.13	-0.045
1044.30	-0.042
1044.46	-0.187
1044.62	-0.026
1044.78	-0.078
1044.94	-0.066
1045.11	0.068
1045.27	-0.174
1045.43	0.014
1045.59	-0.105
1045.75	-0.131
1045.91	-0.241
1046.08	-0.154
1046.24	-0.093
1046.40	-0.065
1046.56	0.010
1046.72	-0.000
1046.88	-0.160
1047.05	-0.139
1047.21	-0.084
1047.37	-0.120
1047.53	-0.121
1047.69	-0.064
1047.85	0.057
1048.01	-0.079
1048.18	-0.167
1048.34	-0.000
1048.50	-0.069
1048.66	-0.096
1048.82	-0.174
1048.98	-0.046
1049.14	-0.089
1049.30	-0.142
1049.47	-0.027
1049.63	-0.057
1049.79	0.021
